0.413120
0.567380
0.614300
0.634140
0.643660
0.655780
0.661040
0.667060
0.672680
0.677020
0.680600
0.676120
0.683320
0.684280
0.684620
0.689080
0.690700
0.695080
0.697460
0.694960
0.697180
0.699700
0.699940
0.701440
0.700300
0.703240
0.702620
0.704060
0.704300
0.709020
0.702960
0.707680
0.705860
0.708360
0.706900
0.707000
0.711300
0.711220
0.710180
0.707200
0.708000
0.710460
0.707200
0.712980
0.709280
0.710700
0.712280
0.711640
0.713580
0.712780
0.713560
0.713080
0.713300
0.716520
0.713340
0.713380
0.714280
0.715060
0.713560
0.715400
0.716080
0.715040
0.717220
0.716320
0.715560
0.715840
0.715200
0.716400
0.716300
0.717320
0.718580
0.720920
0.717600
0.719040
0.717540
0.719140
0.717160
0.722020
0.721180
0.720300
0.720880
0.718980
0.718920
0.718480
0.722740
0.721340
0.720060
0.722440
0.719580
0.722560
0.721340
0.724620
0.719540
0.721340
0.722720
0.722240
0.723800
0.722780
0.721140
0.721140
0.783180
0.796720
0.801740
0.806800
0.807220
0.806880
0.808680
0.815900
0.812220
0.814200
0.815580
0.815500
0.816960
0.816420
0.816820
0.818780
0.820660
0.818660
0.820680
0.822300
0.820200
0.823340
0.822820
0.823180
0.823000
0.823840
0.825740
0.823520
0.824540
0.827140
0.825580
0.824880
0.828020
0.826020
0.827560
0.830400
0.828820
0.827860
0.828500
0.830120
0.829080
0.828800
0.832700
0.828760
0.829560
0.829380
0.826880
0.828620
0.830380
0.830020
0.829780
0.846160
0.851340
0.852100
0.851960
0.853480
0.853320
0.854920
0.855580
0.854560
0.855700
0.854540
0.857100
0.855100
0.855280
0.857940
0.856560
0.857880
0.858340
0.856100
0.858980
0.858100
0.857000
0.856820
0.859420
0.858140
0.857900
0.855940
0.857780
0.860160
0.859520
0.857360
0.857800
0.858720
0.858120
0.861660
0.860420
0.861160
0.859640
0.858120
0.861380
0.858760
0.860300
0.861720
0.859200
0.860840
0.861200
0.859360
0.860680
0.860580
