3.083770
1.818623
1.496169
1.385661
1.344533
1.331064
1.325808
1.317071
1.315553
1.309670
1.300791
1.301973
1.296230
1.294359
1.297684
1.299004
1.291484
1.291747
1.291143
1.292424
1.284599
1.281799
1.294134
1.281650
1.285523
1.286698
1.279034
1.277637
1.277742
1.274239
1.273629
1.270701
1.274472
1.285326
1.280793
1.268888
1.270309
1.270741
1.265732
1.268887
1.265548
1.268044
1.271727
1.266728
1.261839
1.262272
1.262773
1.267852
1.264240
1.257247
1.260114
1.269110
1.261966
1.260734
1.257289
1.257169
1.268343
1.258926
1.258263
1.258266
1.252333
1.253512
1.254286
1.271306
1.261059
1.257304
1.256323
1.251364
1.253660
1.251857
1.255962
1.255045
1.251374
1.252710
1.249372
1.250804
1.243465
1.252491
1.245270
1.246777
1.246448
1.248407
1.237976
1.249060
1.242996
1.245906
1.247452
1.241756
1.236961
1.244743
1.236355
1.245198
1.271168
1.252375
1.248934
1.239197
1.243087
1.241368
1.242334
1.236888
1.046271
0.972994
0.937095
0.915400
0.897408
0.883779
0.871105
0.858312
0.851209
0.848884
0.838298
0.834728
0.829884
0.828583
0.822467
0.820868
0.816129
0.814962
0.814535
0.812513
0.808279
0.809296
0.808154
0.801585
0.805176
0.801924
0.803286
0.799928
0.798137
0.798865
0.795612
0.793744
0.799561
0.794764
0.794332
0.793007
0.797393
0.791866
0.790040
0.793662
0.792082
0.789188
0.788397
0.786656
0.787501
0.788650
0.788319
0.787264
0.786078
0.784597
0.788984
0.736517
0.716929
0.713291
0.707525
0.705573
0.701984
0.700204
0.699268
0.694488
0.697324
0.692932
0.692063
0.692789
0.687348
0.687380
0.685210
0.683392
0.685242
0.681870
0.681677
0.681555
0.677266
0.680643
0.679645
0.677340
0.674950
0.675967
0.673651
0.670874
0.670020
0.669080
0.669165
0.673483
0.668386
0.669442
0.668865
0.663211
0.664662
0.665564
0.664663
0.663643
0.660826
0.662449
0.659595
0.660264
0.660183
0.661165
0.659680
0.659422
